"fpr"	"fnr"	"tpr"	"tnr"	"rec"	"sens"	"spec"	"prec"	"rpp"	"lift"	"F"	"ppv"	"fdr"	"npv"	"for"	"plr"	"nlr"	"dor"	"acc"	"err"	"microF"	"macroF"	"macroRec"	"macroPrec"	"AUC"	"totU"
"Nulleval"	1	0	1	0	1	1	0	0.625902777777778	1	6.94444444444444e-05	0.769914150258403	0.625902777777778	0.374097222222222	NA	NA	1	NA	NA	0.625902777777778	0.374097222222222	0.625902777777778	NA	0.5	NA	0.5	16004.1656677428
"LReval"	0.408761834044923	0.456007988461112	0.543992011538888	0.591238165955077	0.543992011538888	0.543992011538888	0.591238165955077	0.690077410274455	0.493402777777778	7.65646743897098e-05	0.60838813748604	0.690077410274455	0.309922589725545	0.436600411240576	0.563399588759424	1.33082877663941	0.771276305758245	1.72548899363772	0.561666666666667	0.438333333333333	0.561666666666667	0.555337421526493	0.567615088746983	0.563338910757515	0.567615088746983	17283.6494362483
"LDAeval"	0.943939112678671	0.0299567291689781	0.970043270831022	0.0560608873213291	0.970043270831022	0.970043270831022	0.0560608873213291	0.63226786230836	0.960277777777778	7.01506559756307e-05	0.765553171927674	0.63226786230836	0.36773213769164	0.527972027972028	0.472027972027972	1.02765449360211	0.534360596136706	1.92314796605849	0.628125	0.371875	0.628125	0.433456230199447	0.513052079076175	0.580119945140194	0.513052079076175	16030.9319775673
"QDAeval"	0.676814553554854	0.223344058582048	0.776655941417952	0.323185446445146	0.776655941417952	0.776655941417952	0.323185446445146	0.657523952658275	0.739305555555556	7.29528406366665e-05	0.712142021465995	0.657523952658275	0.342476047341725	0.463771976558338	0.536228023441662	1.14751660900124	0.691070903837733	1.66049041079391	0.607013888888889	0.392986111111111	0.607013888888889	0.546531573034715	0.549920693931549	0.560647964608307	0.549920693931549	16519.0277323245
"KNNeval"	0.527009467235938	0.309996671474537	0.690003328525463	0.472990532764062	0.690003328525463	0.690003328525463	0.472990532764062	0.686575402958711	0.629027777777778	7.61761237056153e-05	0.688285097670301	0.686575402958711	0.313424597041289	0.476974915761887	0.523025084238113	1.30928070826582	0.655397201425954	1.9976904164638	0.608819444444444	0.391180555555556	0.608819444444444	0.58162973310209	0.581496930644762	0.581775159360299	0.581496930644762	16637.5573347857
"Lassoeval"	0.459996287358456	0.404415843781205	0.595584156218795	0.540003712641544	0.595584156218795	0.595584156218795	0.540003712641544	0.684170277848585	0.544861111111111	7.59092730332392e-05	0.636811198766238	0.684170277848585	0.315829722151415	0.443851083307904	0.556148916692096	1.29475861563787	0.748913080250722	1.72885031625354	0.574791666666667	0.425208333333333	0.574791666666667	0.562020037034907	0.56779393443017	0.564010680578244	0.56779393443017	17086.802497368
"GAMeval"	0.392983107480973	0.465438810606901	0.534561189393099	0.607016892519027	0.534561189393099	0.534561189393099	0.607016892519027	0.694736842105263	0.481597222222222	7.70816423061426e-05	0.604213694507148	0.694736842105263	0.305263157894737	0.438044206296048	0.561955793703952	1.36026505775183	0.766764181265864	1.77403312646418	0.561666666666667	0.438333333333333	0.561666666666667	0.556541954629858	0.570789040956063	0.566390524200656	0.570789040956063	17298.2970533183
"RFeval"	0.784481158344162	0.0698990347276157	0.930100965272384	0.215518841655838	0.930100965272384	0.930100965272384	0.215518841655838	0.664842572765485	0.875625	7.37648477494158e-05	0.775413930256221	0.664842572765485	0.335157427234515	0.648241206030151	0.351758793969849	1.18562562705214	0.324329112900659	3.65562504225543	0.662777777777778	0.337222222222222	0.662777777777778	0.54945118357336	0.572809903464111	0.656541889397818	0.572809903464111	15784.8143790413
"Boostingeval"	0.91108223501021	0.0355042716076778	0.964495728392322	0.0889177649897902	0.964495728392322	0.964495728392322	0.0889177649897902	0.639144180574958	0.944513888888889	7.09135893237499e-05	0.768815777836738	0.639144180574958	0.360855819425042	0.599499374217772	0.400500625782228	1.05862642397095	0.39929334269428	2.65124987265689	0.636944444444444	0.363055555555556	0.636944444444444	0.46184080194779	0.526706746691056	0.619321777396365	0.526706746691056	15961.1201071763
"SVMeval"	0.881381102654539	0.0549206701431266	0.945079329856873	0.118618897345461	0.945079329856873	0.945079329856873	0.118618897345461	0.642092567465702	0.92125	7.12407153517921e-05	0.764666277660577	0.642092567465702	0.357907432534298	0.563492063492063	0.436507936507937	1.07227092458698	0.463001017309895	2.31591483495443	0.635902777777778	0.364097222222222	0.635902777777778	0.48032424448893	0.531849113601167	0.602792315478883	0.531849113601167	16000.5401291247
"FNNeval"	0.942825320215333	0.031510041051814	0.968489958948186	0.0571746797846668	0.968489958948186	0.968489958948186	0.0571746797846668	0.632169756662804	0.958888888888889	7.01397710709868e-05	0.764997151746199	0.632169756662804	0.367830243337196	0.52027027027027	0.47972972972973	1.02722099012677	0.551118802422475	1.86388304229789	0.627569444444444	0.372430555555556	0.627569444444444	0.43401220691508	0.512832319366426	0.576220013466537	0.512832319366426	16038.2848800077
"Teval"	0.910154074624095	0.0437146344169533	0.956285365583047	0.089845925375905	0.956285365583047	0.956285365583047	0.089845925375905	0.637405709214613	0.939027777777778	7.07207044507504e-05	0.764943421344575	0.637405709214613	0.362594290785387	0.55125284738041	0.44874715261959	1.05068514468608	0.486551106620098	2.15945484531899	0.632152777777778	0.367847222222222	0.632152777777778	0.45972629965872	0.523065645479476	0.594329278297512	0.523065645479476	16016.4827013365
"XGeval"	0.763875997772415	0.0904249417508044	0.909575058249196	0.236124002227585	0.909575058249196	0.909575058249196	0.236124002227585	0.66580037358889	0.855069444444444	7.3871116563729e-05	0.768826784207071	0.66580037358889	0.33419962641111	0.609487302347868	0.390512697652132	1.19073653433497	0.382955315417911	3.10933544044309	0.657638888888889	0.342361111111111	0.657638888888889	0.554603384075706	0.57284953023839	0.637643837968379	0.57284953023839	15862.3927589374
"TF1eval"	0.937070725821422	0.0296238766226562	0.970376123377344	0.0629292741785781	0.970376123377344	0.970376123377344	0.0629292741785781	0.634043787153835	0.957916666666667	7.0347696344595e-05	0.766957513044241	0.634043787153835	0.365956212846165	0.559405940594059	0.440594059405941	1.03554203182127	0.470748741493359	2.19977652735982	0.630902777777778	0.369097222222222	0.630902777777778	0.44004475018139	0.516652698777961	0.596724863873947	0.516652698777961	16005.7132341145
"RNNeval"	0.941525895674773	0.0300676800177521	0.969932319982248	0.0584741043252274	0.969932319982248	0.969932319982248	0.0584741043252274	0.632836253076589	0.959305555555556	7.02137194138011e-05	0.765935076882639	0.632836253076589	0.367163746923411	0.537542662116041	0.462457337883959	1.03017062455528	0.51420505477978	2.0034237605783	0.628958333333333	0.371041666666667	0.628958333333333	0.435704856372008	0.514203212153738	0.585189457596315	0.514203212153738	16023.6937718542
"CNNeval"	0.937441989975868	0.0309552868079441	0.969044713192056	0.0625580100241322	0.969044713192056	0.969044713192056	0.0625580100241322	0.633633197910621	0.957222222222222	7.0302141119563e-05	0.766241172084046	0.633633197910621	0.366366802089379	0.547077922077922	0.452922077922078	1.03371165741893	0.494825311674762	2.08904361403882	0.629930555555556	0.370069444444444	0.629930555555556	0.439259183410006	0.515801361608094	0.590355559994272	0.515801361608094	16016.4267520514
"DTWeval"	0.634861704102469	0.241872850327305	0.758127149672695	0.365138295897531	0.758127149672695	0.758127149672695	0.365138295897531	0.666439090997757	0.712013888888889	7.39419828023695e-05	0.70933250285477	0.666439090997757	0.333560909002243	0.474318784663612	0.525681215336388	1.19416109803708	0.662414359284795	1.80274035624229	0.611111111111111	0.388888888888889	0.611111111111111	0.560980495186563	0.561632722785113	0.570378937830684	0.561632722785113	16511.3708828637
